0.000000
0.100000
0.200000
0.300000
0.400000
0.500000
0.600000
0.700000
0.800000
0.900000
1.000000
1.100000
1.200000
1.300000
1.400000
1.500000
1.600000
1.700000
1.800000
1.900000
2.000000
2.100000
2.200000
2.300000
2.400000
2.500000
2.600000
2.700000
2.800000
2.900000
3.000000
3.100000
3.200000
3.300000
3.400000
3.500000
3.600000
3.700000
3.800000
3.900000
4.000000
4.100000
4.200000
4.300000
4.400000
4.500000
4.600000
4.700000
4.800000
4.900000
5.000000
5.100000
5.200000
5.300000
5.400000
5.500000
5.600000
5.700000
5.800000
5.900000
6.000000
6.100000
6.200000
6.300000
6.400000
6.500000
6.600000
6.700000
6.800000
6.900000
7.000000
7.100000
7.200000
7.300000
7.400000
7.500000
7.600000
7.700000
7.800000
7.900000
8.000000
8.100000
8.200000
8.300000
8.400000
8.500000
8.600000
8.700000
8.800000
8.900000
9.000000
9.100000
9.200000
9.300000
9.400000
9.500000
9.600000
9.700000
9.800000
9.900000
10.000000
10.100000
10.200000
10.300000
10.400000
10.500000
10.600000
10.700000
10.800000
10.900000
11.000000
11.100000
11.200000
11.300000
11.400000
11.500000
11.600000
11.700000
11.800000
11.900000
12.000000
12.100000
12.200000
12.300000
12.400000
12.500000
12.600000
12.700000
12.800000
12.900000
13.000000
13.100000
13.200000
13.300000
13.400000
13.500000
13.600000
13.700000
13.800000
13.900000
14.000000
14.100000
14.200000
14.300000
14.400000
14.500000
14.600000
14.700000
14.800000
14.900000
15.000000
15.100000
15.200000
15.300000
15.400000
15.500000
15.600000
15.700000
15.800000
15.900000
16.000000
16.100000
16.200000
16.300000
16.400000
16.500000
16.600000
16.700000
16.800000
16.900000
17.000000
17.100000
17.200000
17.300000
17.400000
17.500000
17.600000
17.700000
17.800000
17.900000
18.000000
18.100000
18.200000
18.300000
18.400000
18.500000
18.600000
18.700000
18.800000
18.900000
19.000000
19.100000
19.200000
19.300000
19.400000
19.500000
19.600000
19.700000
19.800000
19.900000
20.000000
20.100000
20.200000
20.300000
20.400000
20.500000
20.600000
20.700000
20.800000
20.900000
21.000000
21.100000
21.200000
21.300000
21.400000
21.500000
21.600000
21.700000
21.800000
21.900000
22.000000
22.100000
22.200000
22.300000
22.400000
22.500000
22.600000
22.700000
22.800000
22.900000
23.000000
23.100000
23.200000
23.300000
23.400000
23.500000
24.000000
24.250000
24.500000
24.750000
25.000000
25.500000
26.000000
26.500000
27.000000
27.250000
27.500000
27.750000
28.000000
28.500000
29.000000
29.500000
30.000000
30.500000
30.666667
30.750000
30.833333
30.875000
31.000000
31.500000
32.000000
32.500000
33.000000
33.250000
33.500000
33.750000
34.000000
34.500000
35.000000
35.250000
35.500000
35.750000
36.000000
36.250000
36.500000
36.750000
37.000000
37.500000
38.000000
38.500000
39.000000
39.250000
39.500000
39.750000
40.000000
40.500000
41.000000
41.500000
42.000000
42.750000
42.875000
43.000000
43.500000
44.000000
44.500000
45.000000
45.500000
45.750000
46.000000
46.250000
46.500000
46.750000
47.000000
47.250000
47.500000
47.750000
48.000000
48.500000
49.000000
49.500000
50.000000
50.500000
51.000000
51.500000
51.750000
52.000000
52.500000
52.750000
52.875000
53.000000
53.500000
54.000000
54.500000
55.500000
55.750000
56.000000
56.166667
56.333333
56.500000
56.666667
56.833333
57.000000
57.062500
57.125000
57.187500
57.250000
57.312500
57.375000
57.437500
57.500000
57.562500
57.625000
57.687500
57.750000
57.875000
58.000000
58.500000
59.000000
59.500000
60.000000
60.250000
60.500000
60.750000
61.000000
61.250000
61.500000
61.750000
62.000000
62.250000
62.500000
62.750000
63.000000
63.250000
63.500000
63.750000
64.000000
64.250000
64.500000
64.750000
65.000000
65.250000
65.500000
65.750000
66.000000
66.250000
66.500000
66.750000
67.000000
67.250000
67.500000
67.750000
68.000000
68.250000
68.500000
68.750000
69.000000
69.250000
69.500000
69.750000
70.000000
70.500000
71.000000
71.062500
71.125000
71.187500
71.250000
71.312500
71.375000
71.437500
71.500000
71.562500
71.625000
71.687500
71.750000
71.875000
72.000000
72.250000
72.500000
72.750000
73.000000
73.250000
73.500000
73.750000
74.000000
74.250000
74.500000
74.750000
75.000000
75.250000
75.500000
75.750000
76.000000
76.250000
76.500000
76.750000
77.000000
77.250000
77.500000
77.750000
78.000000
78.250000
78.500000
78.750000
79.000000
79.250000
79.500000
79.750000
80.000000
80.250000
80.500000
80.750000
81.000000
81.250000
81.500000
81.750000
82.000000
82.500000
83.000000
83.062500
83.125000
83.187500
83.250000
83.312500
83.375000
83.437500
83.500000
83.562500
83.625000
83.687500
83.750000
83.812500
83.875000
83.937500
84.000000
84.500000
85.000000
85.500000
86.000000
86.166667
86.333333
86.500000
86.666667
86.750000
86.833333
87.000000
87.500000
88.000000
88.500000
89.000000
89.166667
89.333333
89.500000
89.666667
89.833333
90.000000
92.000000
93.000000
93.100000
93.200000
93.300000
93.400000
93.500000
93.600000
93.700000
93.800000
93.900000
94.000000
94.100000
94.200000
94.300000
94.400000
94.500000
94.600000
94.700000
94.800000
94.900000
95.000000
95.100000
95.200000
95.300000
95.400000
95.500000
95.600000
95.700000
95.800000
95.900000
96.000000
96.100000
96.200000
96.300000
96.400000
96.500000
96.600000
96.700000
96.800000
96.900000
97.000000
97.100000
97.200000
97.300000
97.400000
97.500000
97.600000
97.700000
97.800000
97.900000
98.000000
98.100000
98.200000
98.300000
98.400000
98.500000
98.600000
98.700000
98.800000
98.900000
99.000000
99.100000
99.200000
99.300000
99.400000
99.500000
99.600000
99.700000
99.800000
99.900000
100.000000
100.100000
100.200000
100.300000
100.400000
100.500000
100.600000
100.700000
100.800000
100.900000
101.000000
101.100000
101.200000
101.300000
101.400000
101.500000
101.600000
101.700000
101.800000
101.900000
102.000000
102.100000
102.200000
102.300000
102.400000
102.500000
102.600000
102.700000
102.800000
102.900000
103.000000
103.100000
103.200000
103.300000
103.400000
103.500000
103.600000
103.700000
103.800000
103.900000
104.000000
104.100000
104.200000
104.300000
104.400000
104.500000
104.600000
104.700000
104.800000
104.900000
105.000000
105.100000
105.200000
105.300000
105.400000
105.500000
105.600000
105.700000
105.800000
105.900000
106.000000
106.100000
106.200000
106.300000
106.400000
106.500000
106.600000
106.700000
106.800000
106.900000
107.000000
107.100000
107.200000
107.300000
107.400000
107.500000
107.600000
107.700000
107.800000
107.900000
108.000000
108.100000
108.200000
108.300000
108.400000
108.500000
108.600000
108.700000
108.800000
108.900000
109.000000
109.100000
109.200000
109.300000
109.400000
109.500000
109.600000
109.700000
109.800000
109.900000
110.000000
110.100000
110.200000
110.300000
110.400000
110.500000
110.600000
110.700000
110.800000
110.900000
111.000000
111.100000
111.200000
111.300000
111.400000
111.500000
111.600000
111.700000
111.800000
111.900000
112.000000
112.100000
112.200000
112.300000
112.400000
112.500000
112.600000
112.700000
112.800000
112.900000
113.000000
113.100000
113.200000
113.300000
113.400000
113.500000
113.600000
113.700000
113.800000
113.900000
114.000000
114.100000
114.200000
114.300000
114.400000
114.500000
114.600000
114.700000
114.800000
114.900000
115.000000
115.100000
115.200000
115.300000
115.400000
115.500000
115.600000
115.700000
115.800000
115.900000
116.000000
116.100000
116.200000
116.300000
116.400000
116.500000
117.000000
117.250000
117.500000
117.750000
118.000000
118.500000
119.000000
119.500000
120.000000
120.250000
120.500000
120.750000
121.000000
121.500000
122.000000
122.500000
123.000000
123.500000
123.666667
123.750000
123.833333
123.875000
124.000000
124.500000
125.000000
125.500000
126.000000
126.250000
126.500000
126.750000
127.000000
127.500000
128.000000
128.250000
128.500000
128.750000
129.000000
129.250000
129.500000
129.750000
130.000000
130.500000
131.000000
131.500000
132.000000
132.250000
132.500000
132.750000
133.000000
133.500000
134.000000
134.500000
135.000000
135.750000
135.875000
136.000000
136.500000
137.000000
137.500000
138.000000
138.500000
138.750000
139.000000
139.250000
139.500000
139.750000
140.000000
140.250000
140.500000
140.750000
141.000000
141.500000
142.000000
142.500000
143.000000
143.500000
144.000000
144.500000
144.750000
145.000000
145.500000
145.750000
145.875000
146.000000
146.500000
147.000000
147.500000
148.500000
148.750000
149.000000
149.166667
149.333333
149.500000
149.666667
149.833333
150.000000
150.062500
150.125000
150.187500
150.250000
150.312500
150.375000
150.437500
150.500000
150.562500
150.625000
150.687500
150.750000
150.875000
151.000000
151.500000
152.000000
152.500000
153.000000
153.250000
153.500000
153.750000
154.000000
154.250000
154.500000
154.750000
155.000000
155.250000
155.500000
155.750000
156.000000
156.250000
156.500000
156.750000
157.000000
157.250000
157.500000
157.750000
158.000000
158.250000
158.500000
158.750000
159.000000
159.250000
159.500000
159.750000
160.000000
160.250000
160.500000
160.750000
161.000000
161.250000
161.500000
161.750000
162.000000
162.250000
162.500000
162.750000
163.000000
163.500000
164.000000
164.062500
164.125000
164.187500
164.250000
164.312500
164.375000
164.437500
164.500000
164.562500
164.625000
164.687500
164.750000
164.875000
165.000000
165.250000
165.500000
165.750000
166.000000
166.250000
166.500000
166.750000
167.000000
167.250000
167.500000
167.750000
168.000000
168.250000
168.500000
168.750000
169.000000
169.250000
169.500000
169.750000
170.000000
170.250000
170.500000
170.750000
171.000000
171.250000
171.500000
171.750000
172.000000
172.250000
172.500000
172.750000
173.000000
173.250000
173.500000
173.750000
174.000000
174.250000
174.500000
174.750000
175.000000
175.500000
176.000000
176.062500
176.125000
176.187500
176.250000
176.312500
176.375000
176.437500
176.500000
176.562500
176.625000
176.687500
176.750000
176.812500
176.875000
176.937500
177.000000
177.500000
178.000000
178.500000
179.000000
179.166667
179.333333
179.500000
179.666667
179.750000
179.833333
180.000000
180.500000
181.000000
181.500000
182.000000
182.166667
182.333333
182.500000
182.666667
182.833333
183.000000
185.000000
186.000000
186.250000
186.500000
186.750000
187.000000
187.250000
187.500000
187.750000
188.000000
188.250000
188.500000
188.750000
189.000000
189.250000
189.500000
189.750000
190.000000
190.250000
190.500000
190.750000
191.000000
191.250000
191.500000
191.750000
192.000000
192.250000
192.500000
192.750000
193.000000
193.250000
193.500000
193.750000
194.000000
194.250000
194.500000
194.750000
195.000000
195.250000
195.500000
195.750000
196.000000
196.250000
196.500000
196.750000
197.000000
197.250000
197.500000
197.750000
198.000000
198.250000
198.500000
198.750000
199.000000
199.250000
199.500000
199.750000
200.000000
200.250000
200.500000
200.750000
201.000000
201.500000
202.000000
202.500000
203.000000
203.500000
204.000000
204.062500
204.125000
204.187500
204.250000
204.312500
204.375000
204.437500
204.500000
204.562500
204.625000
204.687500
204.750000
204.812500
204.875000
204.937500
205.000000
205.500000
206.000000
206.500000
207.000000
207.100000
207.200000
207.300000
207.400000
207.500000
207.600000
207.700000
207.800000
207.900000
208.000000
208.100000
208.200000
208.300000
208.400000
208.500000
208.600000
208.700000
208.800000
208.900000
209.000000
209.100000
209.200000
209.300000
209.400000
209.500000
209.600000
209.700000
209.800000
209.900000
210.000000
210.100000
210.200000
210.300000
210.400000
210.500000
210.600000
210.700000
210.800000
210.900000
211.000000
211.100000
211.200000
211.300000
211.400000
211.500000
211.600000
211.700000
211.800000
211.900000
212.000000
212.100000
212.200000
212.300000
212.400000
212.500000
212.600000
212.700000
212.800000
212.900000
213.000000
213.100000
213.200000
213.300000
213.400000
213.500000
213.600000
213.700000
213.800000
213.900000
214.000000
214.100000
214.200000
214.300000
214.400000
214.500000
214.600000
214.700000
214.800000
214.900000
215.000000
215.100000
215.200000
215.300000
215.400000
215.500000
215.600000
215.700000
215.800000
215.900000
216.000000
216.100000
216.200000
216.300000
216.400000
216.500000
216.600000
216.700000
216.800000
216.900000
217.000000
217.100000
217.200000
217.300000
217.400000
217.500000
217.600000
217.700000
217.800000
217.900000
218.000000
218.100000
218.200000
218.300000
218.400000
218.500000
218.600000
218.700000
218.800000
218.900000
219.000000
219.100000
219.200000
219.300000
219.400000
219.500000
219.600000
219.700000
219.800000
219.900000
220.000000
220.100000
220.200000
220.300000
220.400000
220.500000
220.600000
220.700000
220.800000
220.900000
221.000000
221.100000
221.200000
221.300000
221.400000
221.500000
221.600000
221.700000
221.800000
221.900000
222.000000
222.100000
222.200000
222.300000
222.400000
222.500000
222.600000
222.700000
222.800000
222.900000
223.000000
223.100000
223.200000
223.300000
223.400000
223.500000
223.600000
223.700000
223.800000
223.900000
224.000000
224.100000
224.200000
224.300000
224.400000
224.500000
224.600000
224.700000
224.800000
224.900000
225.000000
225.100000
225.200000
225.300000
225.400000
225.500000
225.600000
225.700000
225.800000
225.900000
226.000000
226.100000
226.200000
226.300000
226.400000
226.500000
226.600000
226.700000
226.800000
226.900000
227.000000
227.100000
227.200000
227.300000
227.400000
227.500000
227.600000
227.700000
227.800000
227.900000
228.000000
228.100000
228.200000
228.300000
228.400000
228.500000
228.600000
228.700000
228.800000
228.900000
229.000000
229.100000
229.200000
229.300000
229.400000
229.500000
229.600000
229.700000
229.800000
229.900000
230.000000
230.100000
230.200000
230.300000
230.400000
230.500000
231.000000
231.250000
231.500000
231.750000
232.000000
232.500000
233.000000
233.500000
234.000000
234.250000
234.500000
234.750000
235.000000
235.500000
236.000000
236.500000
237.000000
238.000000
239.000000
240.000000
240.250000
240.500000
240.750000
241.000000
241.500000
242.000000
242.250000
242.500000
242.750000
243.000000
243.250000
243.500000
243.750000
244.000000
244.500000
245.000000
245.500000
246.000000
246.250000
246.500000
246.750000
247.000000
247.500000
248.000000
248.500000
249.000000
249.666667
249.833333
250.000000
250.500000
251.000000
251.500000
252.000000
252.500000
252.750000
253.000000
253.250000
253.500000
253.750000
254.000000
254.250000
254.500000
254.750000
255.000000
255.500000
256.000000
256.500000
257.000000
257.500000
258.000000
258.500000
258.750000
259.000000
259.500000
259.750000
259.875000
260.000000
260.500000
261.000000
261.500000
262.000000
262.500000
262.750000
263.000000
263.166667
263.333333
263.500000
263.666667
263.833333
264.000000
264.062500
264.125000
264.187500
264.250000
264.312500
264.375000
264.437500
264.500000
264.562500
264.625000
264.687500
264.750000
264.812500
264.875000
264.937500
265.000000
265.500000
266.000000
266.500000
267.000000
267.250000
267.500000
267.750000
268.000000
268.250000
268.500000
268.750000
269.000000
269.250000
269.500000
269.750000
270.000000
270.250000
270.500000
270.750000
271.000000
271.250000
271.500000
271.750000
272.000000
272.250000
272.500000
272.750000
273.000000
273.250000
273.500000
273.750000
274.000000
274.250000
274.500000
274.750000
275.000000
275.250000
275.500000
275.750000
276.000000
276.250000
276.500000
276.750000
277.000000
277.500000
278.000000
278.062500
278.125000
278.187500
278.250000
278.312500
278.375000
278.437500
278.500000
278.562500
278.625000
278.687500
278.750000
278.875000
279.000000
279.250000
279.500000
279.750000
280.000000
280.250000
280.500000
280.750000
281.000000
281.250000
281.500000
281.750000
282.000000
282.250000
282.500000
282.750000
283.000000
283.250000
283.500000
283.750000
284.000000
284.250000
284.500000
284.750000
285.000000
285.250000
285.500000
285.750000
286.000000
286.250000
286.500000
286.750000
287.000000
287.250000
287.500000
287.750000
288.000000
288.250000
288.500000
288.750000
289.000000
289.500000
290.000000
290.062500
290.125000
290.187500
290.250000
290.312500
290.375000
290.437500
290.500000
290.562500
290.625000
290.687500
290.750000
290.812500
290.875000
290.937500
291.000000
291.500000
292.000000
292.500000
293.000000
293.166667
293.333333
293.500000
293.666667
293.833333
294.000000
294.500000
295.000000
295.500000
296.000000
296.166667
296.333333
296.500000
296.666667
296.833333
297.000000
299.000000
299.100000
299.200000
299.300000
299.400000
299.500000
299.600000
299.700000
299.800000
299.900000
230.000000
